10
0,84 0,46 0,33 0,75
0,96 0,90 -0,75 -0,07
-0,94 0,25 0,56 -0,86
-0,63 -0,75 0,98 0,77
-0,10 -0,56 -0,51 0,87
0,07 -0,37 0,22 -0,07
-0,31 -0,84 -0,13 0,81
0,74 -0,53 0,83 -0,74
-0,72 -0,89 -0,93 0,09
0,83 -0,69 0,64 0,24
10
-0,40 0,49 -0,71 -0,04 0,58 -0,45
0,45 -0,77 -0,57 -0,91 0,89 0,56
-0,68 0,65 -0,02 -0,34 -0,52 -0,79
1,00 -0,50 0,12 0,44 0,78 0,82
0,56 0,60 -0,53 0,47 0,99 0,06
-0,06 -0,70 -0,54 0,90 0,34 0,81
-0,73 -0,56 -0,00 -0,27 -0,79 0,32
0,09 -0,66 1,00 -0,68 0,17 0,12
-0,55 -0,28 0,69 -0,81 0,95 -0,58
-0,34 0,28 -0,39 0,07 -0,10 -0,40
